[gd_scene load_steps=9 format=3 uid="uid://07b0w8wg0t3d"]

[ext_resource type="MeshLibrary" uid="uid://016mydobghxt" path="res://MeshLibraries/SpaceLibrary.tres" id="1_lvb7b"]
[ext_resource type="PackedScene" uid="uid://cedg4p1ktt00c" path="res://Enemy/enemy.tscn" id="2_5x8ra"]
[ext_resource type="PackedScene" uid="uid://b6a3tfb71rtov" path="res://Base/base.tscn" id="3_o2j4u"]

[sub_resource type="ProceduralSkyMaterial" id="ProceduralSkyMaterial_dq0bh"]
sky_horizon_color = Color(0.66224277, 0.6717428, 0.6867428, 1)
ground_horizon_color = Color(0.66224277, 0.6717428, 0.6867428, 1)

[sub_resource type="Sky" id="Sky_lvb7b"]
sky_material = SubResource("ProceduralSkyMaterial_dq0bh")

[sub_resource type="Environment" id="Environment_5x8ra"]
background_mode = 2
sky = SubResource("Sky_lvb7b")
tonemap_mode = 2
glow_enabled = true

[sub_resource type="StandardMaterial3D" id="StandardMaterial3D_lvb7b"]
albedo_color = Color(0.26666668, 0.26666668, 0.26666668, 1)

[sub_resource type="Curve3D" id="Curve3D_lvb7b"]
_data = {
"points": PackedVector3Array(0, 0, 0, 0, 0, 0, -21, 0, 6, -1, 0, 1, 1, 0, -1, -14, 0, 6, -1.2, 0, 1.2, 1.2, 0, -1.2, -14, 0, -2, -1, 0, -1, 1, 0, 1, -2, 0, -2, -0.8, 0, -0.8, 0.8, 0, 0.8, -2, 0, 6, -0.6, 0, 0.7, 0.6, 0, -0.7, 6, 0, 6, -0.8, 0, 1, 0.8, 0, -1, 6, 0, -2, -0.7, 0, -1, 0.7, 0, 1, 14, 0, -2, 0, 0, 0, 0, 0, 0, 14, 0, 10),
"tilts": PackedFloat32Array(0, 0, 0, 0, 0, 0, 0, 0, 0)
}
point_count = 9

[node name="BaseLevel" type="Node3D"]

[node name="WorldEnvironment" type="WorldEnvironment" parent="."]
environment = SubResource("Environment_5x8ra")

[node name="DirectionalLight3D" type="DirectionalLight3D" parent="."]
transform = Transform3D(-0.8660254, -0.43301278, 0.25, 0, 0.49999997, 0.86602545, -0.50000006, 0.75, -0.43301266, 0, 0, 0)
shadow_enabled = true

[node name="Camera3D" type="Camera3D" parent="."]
transform = Transform3D(1, 0, 0, 0, 0.26050454, 0.96547264, 0, -0.96547264, 0.26050454, 0, 17.89, 7.215)

[node name="CSGBox3D" type="CSGBox3D" parent="."]
transform = Transform3D(1, 0, 0, 0, 1, 0, 0, 0, 1, 0, -1, 0)
size = Vector3(100, 2, 100)
material = SubResource("StandardMaterial3D_lvb7b")
metadata/_edit_lock_ = true

[node name="GridMap" type="GridMap" parent="."]
mesh_library = ExtResource("1_lvb7b")
cell_size = Vector3(4, 4, 4)
cell_center_y = false
data = {
"cells": PackedInt32Array(65535, 65534, 524288, 65531, 65535, 524288, 4, 65535, 524288, 65531, 65534, 524288, 65532, 65534, 524288, 65533, 65534, 524288, 2, 2, 524288, 65531, 0, 524288, 65531, 2, 524288, 65533, 2, 524288, 65534, 65534, 524288, 65534, 2, 524288, 0, 65534, 524288, 1, 65534, 524288, 2, 65534, 524288, 3, 65534, 524288, 4, 65534, 524288, 4, 0, 524288, 4, 1, 524288, 4, 2, 524288, 65533, 1, 1310720, 65534, 1, 1310720, 0, 0, 1310720, 2, 1, 1310720, 2, 0, 1310720, 0, 65535, 1310720, 65535, 2, 1310720, 0, 2, 1310720, 1, 2, 1310720, 65533, 0, 1310720, 65534, 0, 1310720, 65532, 2, 1310720)
}
metadata/_editor_floor_ = Vector3(0, 0, 0)
metadata/_edit_lock_ = true

[node name="Path3D" type="Path3D" parent="."]
curve = SubResource("Curve3D_lvb7b")

[node name="Road" type="CSGPolygon3D" parent="Path3D"]
polygon = PackedVector2Array(-1, 0, -1, 0.01, 1, 0.01, 1, 0)
mode = 2
path_node = NodePath("..")
path_interval_type = 0
path_interval = 0.5
path_simplify_angle = 0.0
path_rotation = 2
path_rotation_accurate = false
path_local = false
path_continuous_u = true
path_u_distance = 1.0
path_joined = false

[node name="LeftEdge" type="CSGPolygon3D" parent="Path3D"]
polygon = PackedVector2Array(-1.1, 0, -1.1, 0.15, -0.9, 0.15, -0.9, 0)
mode = 2
path_node = NodePath("..")
path_interval_type = 0
path_interval = 0.5
path_simplify_angle = 0.0
path_rotation = 2
path_rotation_accurate = false
path_local = false
path_continuous_u = true
path_u_distance = 1.0
path_joined = false

[node name="RightEdge" type="CSGPolygon3D" parent="Path3D"]
polygon = PackedVector2Array(0.9, 0, 0.9, 0.15, 1.1, 0.15, 1.1, 0)
mode = 2
path_node = NodePath("..")
path_interval_type = 0
path_interval = 0.5
path_simplify_angle = 0.0
path_rotation = 2
path_rotation_accurate = false
path_local = false
path_continuous_u = true
path_u_distance = 1.0
path_joined = false

[node name="Enemy1" parent="Path3D" instance=ExtResource("2_5x8ra")]
transform = Transform3D(-0.1643964, 0, -0.98637784, 0, 1, 0, 0.98637784, 0, -0.1643964, -21, 0, 6)

[node name="Enemy2" parent="Path3D" instance=ExtResource("2_5x8ra")]
transform = Transform3D(0.017463773, 0, -0.9998308, 0, 1, 0, 0.9998308, 0, 0.017463773, -16.024893, 0, 6.4424577)
progress = 5.0

[node name="Enemy3" parent="Path3D" instance=ExtResource("2_5x8ra")]
transform = Transform3D(0.9890642, 0, 0.14737478, 0, 1, 0, -0.14737478, 0, 0.9890642, -13.901621, 0, 3.1774073)
progress = 10.0

[node name="Enemy4" parent="Path3D" instance=ExtResource("2_5x8ra")]
transform = Transform3D(0.890293, 0, -0.45535228, 0, 1, 0, 0.45535228, 0, 0.890293, -14.166922, 0, -1.7643665)
progress = 15.0

[node name="Enemy5" parent="Path3D" instance=ExtResource("2_5x8ra")]
transform = Transform3D(0.029546194, 0, -0.99954677, 0, 1, 0, 0.99954677, 0, 0.029546194, -9.416761, 0, -2.8104439)
progress = 20.0

[node name="Base" parent="." instance=ExtResource("3_o2j4u")]
transform = Transform3D(1, 0, 0, 0, 1, 0, 0, 0, 1, 14, 0, 10)
